nohup: ignoring input
TTP/TTP	T1082	T1083	T1222.002	T1105	T1552.003	T1087.001	T1033	T1059.004	T1106	T1574	T1087	T1020
T1082	1.0	0.8575	0.7995	0.7979	0.7105	1.0	1.0	0.7663	0.6797	0.6797	1.0	0.7339
T1083	0.8575	1.0	0.6797	0.7925	0.8306	0.8575	0.8575	0.8359	0.7995	0.7995	0.8575	0.79
T1222.002	0.7995	0.6797	1.0	0.8516	0.8254	0.7995	0.7995	0.8857	0.8575	0.8575	0.7995	0.7847
T1105	0.7979	0.7925	0.8516	1.0	0.826	0.7979	0.7979	0.8147	0.8669	0.8669	0.7979	0.6924
T1552.003	0.7105	0.8306	0.8254	0.826	1.0	0.7105	0.7105	0.7181	0.7439	0.7439	0.7105	0.6059
T1087.001	1.0	0.8575	0.7995	0.7979	0.7105	1.0	1.0	0.7663	0.6797	0.6797	1.0	0.7339
T1033	1.0	0.8575	0.7995	0.7979	0.7105	1.0	1.0	0.7663	0.6797	0.6797	1.0	0.7339
T1059.004	0.7663	0.8359	0.8857	0.8147	0.7181	0.7663	0.7663	1.0	0.8358	0.8358	0.7663	0.7668
T1106	0.6797	0.7995	0.8575	0.8669	0.7439	0.6797	0.6797	0.8358	1.0	1.0	0.6797	0.6889
T1574	0.6797	0.7995	0.8575	0.8669	0.7439	0.6797	0.6797	0.8358	1.0	1.0	0.6797	0.6889
T1087	1.0	0.8575	0.7995	0.7979	0.7105	1.0	1.0	0.7663	0.6797	0.6797	1.0	0.7339
T1020	0.7339	0.79	0.7847	0.6924	0.6059	0.7339	0.7339	0.7668	0.6889	0.6889	0.7339	1.0

Group of graphs
{'T1087.001', 'T1105', 'T1082', 'T1106', 'T1087', 'T1574', 'T1083', 'T1059.004', 'T1222.002', 'T1033'}
{'T1552.003'}
{'T1020'}
